# Fix print output for fix def3
-2.98427949019242e-13 -3.5527136788005e-15
0.0199999999997971 -3.5527136788005e-15
0.0399999999995089 -3.5527136788005e-15
0.0599999999999028 -3.5527136788005e-15
0.0799999999996999 -3.5527136788005e-15
0.0999999999999091 -3.5527136788005e-15
0.119999999999905 -3.5527136788005e-15
0.139999999999901 -3.5527136788005e-15
0.159999999999698 -3.5527136788005e-15
0.179999999999708 -3.5527136788005e-15
0.199999999999804 -3.5527136788005e-15
0.2199999999998 -3.5527136788005e-15
0.239999999999796 -3.5527136788005e-15
0.260000000000005 -3.5527136788005e-15
0.279999999999902 -3.5527136788005e-15
0.299999999999699 -3.5527136788005e-15
0.319999999999595 -3.5527136788005e-15
0.339999999999705 -3.5527136788005e-15
0.3599999999999 -3.5527136788005e-15
0.379999999999995 -3.5527136788005e-15
0.399999999999906 -3.5527136788005e-15
0.419999999999902 -3.5527136788005e-15
0.439999999999998 -3.5527136788005e-15
0.459999999999908 -3.5527136788005e-15
0.479999999999905 -3.5527136788005e-15
0.499999999999602 -3.5527136788005e-15
0.519999999999797 -3.5527136788005e-15
0.539999999999509 -3.5527136788005e-15
0.559999999999803 -3.5527136788005e-15
0.5799999999997 -3.5527136788005e-15
0.599999999999909 -3.5527136788005e-15
0.619999999999905 -3.5527136788005e-15
0.639999999999901 -3.5527136788005e-15
0.659999999999698 -3.5527136788005e-15
0.679999999999708 -3.5527136788005e-15
0.699999999999804 -3.5527136788005e-15
0.7199999999998 -3.5527136788005e-15
0.739999999999895 -3.5527136788005e-15
0.760000000000005 -3.5527136788005e-15
0.779999999999902 -3.5527136788005e-15
0.799999999999699 -3.5527136788005e-15
0.819999999999595 -3.5527136788005e-15
0.839999999999705 -3.5527136788005e-15
0.8599999999998 -3.5527136788005e-15
0.880000000000109 -3.5527136788005e-15
0.900000000000006 -3.5527136788005e-15
0.919999999999902 -3.5527136788005e-15
0.939999999999998 -3.5527136788005e-15
0.959999999999908 -3.5527136788005e-15
0.979999999999905 -3.5527136788005e-15
0.999999999999602 -3.5527136788005e-15
1.0199999999999 -6.21724893790088e-14
1.03999999999951 -6.21724893790088e-14
1.0599999999998 -6.21724893790088e-14
1.0799999999997 -6.21724893790088e-14
1.09999999999991 -6.21724893790088e-14
1.11999999999981 -6.21724893790088e-14
1.1399999999998 -6.21724893790088e-14
1.1599999999997 -6.21724893790088e-14
1.17999999999971 -6.21724893790088e-14
1.1999999999997 -6.21724893790088e-14
1.2199999999998 -6.21724893790088e-14
1.2399999999998 -6.21724893790088e-14
1.26000000000001 -6.21724893790088e-14
1.2799999999999 -6.21724893790088e-14
1.2999999999997 -6.21724893790088e-14
1.3199999999996 8.88178419700125e-15
1.3399999999997 -6.21724893790088e-14
1.3599999999998 -6.21724893790088e-14
1.38000000000011 -6.21724893790088e-14
1.40000000000001 -6.21724893790088e-14
1.4199999999999 -6.21724893790088e-14
1.44 -6.21724893790088e-14
1.45999999999991 -6.21724893790088e-14
1.4799999999999 -6.21724893790088e-14
1.4999999999996 -6.21724893790088e-14
1.5199999999999 -6.21724893790088e-14
1.53999999999951 -6.21724893790088e-14
1.5599999999999 -6.21724893790088e-14
1.5799999999997 -6.21724893790088e-14
1.59999999999991 -6.21724893790088e-14
1.61999999999981 -6.21724893790088e-14
1.6399999999998 -6.21724893790088e-14
1.6599999999997 -6.21724893790088e-14
1.67999999999961 -6.21724893790088e-14
1.6999999999997 -6.21724893790088e-14
1.7199999999998 -6.21724893790088e-14
1.7399999999999 -6.21724893790088e-14
1.76000000000001 -6.21724893790088e-14
1.7799999999999 -6.21724893790088e-14
1.7999999999997 -6.21724893790088e-14
1.8199999999996 -6.21724893790088e-14
1.8399999999997 -6.21724893790088e-14
1.8599999999999 -6.21724893790088e-14
1.88000000000011 -6.21724893790088e-14
1.90000000000001 -6.21724893790088e-14
1.9199999999999 -6.21724893790088e-14
1.94 -6.21724893790088e-14
1.95999999999991 -6.21724893790088e-14
1.9799999999999 -6.21724893790088e-14
1.9999999999996 -6.21724893790088e-14
2.0199999999998 -3.26405569239796e-14
2.03999999999951 -3.26405569239796e-14
2.0599999999998 -3.26405569239796e-14
2.0799999999997 -3.26405569239796e-14
2.09999999999991 -3.26405569239796e-14
2.11999999999981 -3.26405569239796e-14
2.1399999999998 -3.26405569239796e-14
2.1599999999997 -3.26405569239796e-14
2.17999999999971 -3.26405569239796e-14
2.1999999999997 -3.26405569239796e-14
2.2199999999998 -3.26405569239796e-14
2.2399999999999 -3.26405569239796e-14
2.26000000000001 -3.26405569239796e-14
2.2799999999999 -3.26405569239796e-14
2.2999999999997 -3.26405569239796e-14
2.3199999999996 -3.26405569239796e-14
2.3399999999998 -3.26405569239796e-14
2.3599999999999 -3.26405569239796e-14
2.38000000000011 -3.26405569239796e-14
2.40000000000001 -3.26405569239796e-14
2.4199999999999 -3.26405569239796e-14
2.44 -3.26405569239796e-14
2.45999999999991 -3.26405569239796e-14
2.4799999999999 -3.26405569239796e-14
2.4999999999997 -3.26405569239796e-14
2.5199999999999 -3.26405569239796e-14
2.53999999999951 -3.26405569239796e-14
2.5599999999998 -3.26405569239796e-14
2.5799999999996 -3.26405569239796e-14
2.59999999999991 -3.26405569239796e-14
2.61999999999981 -3.26405569239796e-14
2.6399999999998 -3.26405569239796e-14
2.6599999999997 -3.26405569239796e-14
2.67999999999971 -3.26405569239796e-14
2.6999999999997 -3.26405569239796e-14
2.7199999999998 -3.26405569239796e-14
2.7399999999998 -3.26405569239796e-14
2.75999999999991 -3.26405569239796e-14
2.7799999999999 -3.26405569239796e-14
2.7999999999997 -3.26405569239796e-14
2.8199999999996 -1.57651669496772e-14
2.8399999999998 -3.26405569239796e-14
2.8599999999999 -3.26405569239796e-14
2.88000000000011 -3.26405569239796e-14
2.90000000000011 -3.26405569239796e-14
2.92 -3.26405569239796e-14
2.94 -3.26405569239796e-14
2.95999999999991 -3.26405569239796e-14
2.98 -3.26405569239796e-14
2.9999999999997 -3.26405569239796e-14
3.0199999999999 -1.22124532708767e-13
3.03999999999951 -1.22124532708767e-13
3.0599999999999 -1.22124532708767e-13
3.0799999999997 -1.22124532708767e-13
3.09999999999991 -1.22124532708767e-13
3.11999999999981 -1.22124532708767e-13
3.1399999999998 -1.22124532708767e-13
3.1599999999996 -1.22124532708767e-13
3.17999999999961 -1.22124532708767e-13
3.1999999999997 -1.22124532708767e-13
3.2199999999997 -1.22124532708767e-13
3.2399999999998 -1.22124532708767e-13
3.25999999999991 -1.22124532708767e-13
3.2799999999999 -1.22124532708767e-13
3.2999999999997 -1.22124532708767e-13
3.3199999999996 -1.02140518265514e-14
3.3399999999998 -1.22124532708767e-13
3.3599999999999 -1.22124532708767e-13
3.38000000000011 -1.22124532708767e-13
3.40000000000011 -1.22124532708767e-13
3.4199999999999 -1.22124532708767e-13
3.44 -1.22124532708767e-13
3.45999999999991 -1.22124532708767e-13
3.48 -1.22124532708767e-13
3.4999999999997 -1.22124532708767e-13
3.5199999999999 -1.22124532708767e-13
3.53999999999951 -1.22124532708767e-13
3.5599999999999 -1.22124532708767e-13
3.5799999999996 -1.22124532708767e-13
3.60000000000001 -1.22124532708767e-13
3.61999999999971 -1.22124532708767e-13
3.6399999999998 -1.22124532708767e-13
3.6599999999996 -1.22124532708767e-13
3.67999999999961 -1.22124532708767e-13
3.6999999999997 -1.22124532708767e-13
3.7199999999998 -1.22124532708767e-13
3.7399999999998 -1.22124532708767e-13
3.75999999999991 -1.22124532708767e-13
3.7799999999998 -1.22124532708767e-13
3.7999999999997 -1.22124532708767e-13
3.8199999999996 -1.02140518265514e-14
3.8399999999998 -1.22124532708767e-13
3.8599999999999 -1.22124532708767e-13
3.88000000000011 -1.22124532708767e-13
3.90000000000011 -1.22124532708767e-13
3.9199999999999 -1.22124532708767e-13
3.94 -1.22124532708767e-13
3.95999999999991 -1.22124532708767e-13
3.98 -1.22124532708767e-13
3.9999999999997 -1.22124532708767e-13
4.0199999999999 -4.44089209850063e-15
4.03999999999961 -4.44089209850063e-15
4.0599999999999 -4.44089209850063e-15
4.0799999999996 -4.44089209850063e-15
4.09999999999991 -4.44089209850063e-15
4.11999999999971 -4.44089209850063e-15
4.1399999999998 -4.44089209850063e-15
4.1599999999996 -4.44089209850063e-15
4.17999999999961 -4.44089209850063e-15
4.1999999999997 -4.44089209850063e-15
4.2199999999997 -4.44089209850063e-15
4.2399999999998 -4.44089209850063e-15
4.25999999999991 -4.44089209850063e-15
4.2799999999999 -4.44089209850063e-15
4.2999999999997 -4.44089209850063e-15
4.31999999999971 -1.06581410364015e-14
4.3399999999998 -4.44089209850063e-15
4.36 -4.44089209850063e-15
4.38000000000011 -4.44089209850063e-15
4.40000000000011 -4.44089209850063e-15
4.4199999999999 -4.44089209850063e-15
4.44 -4.44089209850063e-15
4.45999999999991 -4.44089209850063e-15
4.48 -4.44089209850063e-15
4.4999999999997 -4.44089209850063e-15
4.5199999999999 -4.44089209850063e-15
4.53999999999961 -4.44089209850063e-15
4.5599999999999 -4.44089209850063e-15
4.5799999999996 -4.44089209850063e-15
4.59999999999991 -4.44089209850063e-15
4.61999999999971 -4.44089209850063e-15
4.6399999999998 -4.44089209850063e-15
4.6599999999996 -4.44089209850063e-15
4.67999999999961 -4.44089209850063e-15
4.6999999999997 -4.44089209850063e-15
4.7199999999998 -4.44089209850063e-15
4.7399999999998 -4.44089209850063e-15
4.75999999999991 -4.44089209850063e-15
4.7799999999999 -4.44089209850063e-15
4.7999999999997 -4.44089209850063e-15
4.81999999999971 -1.06581410364015e-14
4.8399999999998 -4.44089209850063e-15
4.86 -4.44089209850063e-15
4.88000000000011 -4.44089209850063e-15
4.90000000000011 -4.44089209850063e-15
4.9199999999999 -4.44089209850063e-15
4.94 -4.44089209850063e-15
4.95999999999991 -3.59712259978551e-14
4.98 -4.44089209850063e-15
4.9999999999997 -4.44089209850063e-15
5.0199999999998 -2.99760216648792e-14
5.03999999999961 -2.99760216648792e-14
5.0599999999998 -2.99760216648792e-14
5.0799999999997 -2.99760216648792e-14
5.09999999999991 -2.99760216648792e-14
5.11999999999981 -2.99760216648792e-14
5.1399999999997 -2.99760216648792e-14
5.1599999999997 -2.99760216648792e-14
5.17999999999971 -2.99760216648792e-14
5.1999999999998 -2.99760216648792e-14
5.2199999999998 -2.99760216648792e-14
5.2399999999998 -2.99760216648792e-14
5.26000000000001 -2.99760216648792e-14
5.2799999999999 -2.99760216648792e-14
5.2999999999998 -2.99760216648792e-14
5.31999999999971 1.0769163338864e-13
5.3399999999998 -2.99760216648792e-14
5.36 -2.99760216648792e-14
5.38000000000011 -2.99760216648792e-14
5.40000000000001 -2.99760216648792e-14
5.4199999999999 -2.99760216648792e-14
5.4399999999999 -2.99760216648792e-14
5.45999999999991 -5.37347943918576e-14
5.4799999999999 -2.99760216648792e-14
5.4999999999997 -2.99760216648792e-14
5.5199999999998 -2.99760216648792e-14
5.53999999999961 -2.99760216648792e-14
5.5599999999998 -2.99760216648792e-14
5.5799999999997 -2.99760216648792e-14
5.59999999999991 -2.99760216648792e-14
5.61999999999981 -2.99760216648792e-14
5.6399999999997 -2.99760216648792e-14
5.6599999999997 -2.99760216648792e-14
5.67999999999971 -2.99760216648792e-14
5.6999999999998 -2.99760216648792e-14
5.7199999999999 -2.99760216648792e-14
5.7399999999998 -2.99760216648792e-14
5.76000000000001 -2.99760216648792e-14
5.7799999999999 -2.99760216648792e-14
5.7999999999998 -2.99760216648792e-14
5.81999999999971 1.0769163338864e-13
5.8399999999998 -2.99760216648792e-14
5.8599999999999 -2.99760216648792e-14
5.88000000000011 -2.99760216648792e-14
5.90000000000001 -2.99760216648792e-14
5.9199999999999 -2.99760216648792e-14
5.9399999999999 -2.99760216648792e-14
5.95999999999991 -5.37347943918576e-14
5.9799999999999 -2.99760216648792e-14
5.9999999999997 -2.99760216648792e-14
6.0199999999998 -4.35207425653061e-14
6.03999999999971 -4.35207425653061e-14
6.0599999999998 -4.35207425653061e-14
6.0799999999997 -4.35207425653061e-14
6.09999999999991 -4.35207425653061e-14
6.11999999999981 -4.35207425653061e-14
6.1399999999997 -4.35207425653061e-14
6.1599999999997 -4.35207425653061e-14
6.17999999999971 -4.35207425653061e-14
6.1999999999998 -4.35207425653061e-14
6.2199999999998 -4.35207425653061e-14
6.2399999999998 -4.35207425653061e-14
6.25999999999991 -4.35207425653061e-14
6.2799999999999 -4.35207425653061e-14
6.2999999999998 -4.35207425653061e-14
6.31999999999971 -1.90958360235527e-14
6.3399999999998 -4.35207425653061e-14
6.3599999999999 -4.35207425653061e-14
6.38000000000011 -4.35207425653061e-14
6.40000000000001 -4.35207425653061e-14
6.4199999999999 -4.35207425653061e-14
6.4399999999999 -4.35207425653061e-14
6.45999999999991 -4.35207425653061e-14
6.4799999999999 -4.35207425653061e-14
6.4999999999998 -4.35207425653061e-14
6.5199999999997 -4.35207425653061e-14
6.53999999999971 -4.35207425653061e-14
6.5599999999997 -4.35207425653061e-14
6.5799999999997 -4.35207425653061e-14
6.5999999999998 -4.35207425653061e-14
6.61999999999981 -4.35207425653061e-14
6.6399999999997 -4.35207425653061e-14
6.6599999999997 -4.35207425653061e-14
6.67999999999971 -9.41469124882133e-14
6.6999999999998 -4.35207425653061e-14
6.7199999999998 -4.35207425653061e-14
6.7399999999998 -4.35207425653061e-14
6.75999999999991 -4.35207425653061e-14
6.7799999999999 -4.35207425653061e-14
6.7999999999998 -4.35207425653061e-14
6.81999999999971 -1.90958360235527e-14
6.8399999999998 -4.35207425653061e-14
6.8599999999999 -4.35207425653061e-14
6.88000000000011 -4.35207425653061e-14
6.90000000000001 -4.35207425653061e-14
6.9199999999999 -4.35207425653061e-14
6.9399999999999 -4.35207425653061e-14
6.95999999999991 -9.41469124882133e-14
6.97999999999981 -4.35207425653061e-14
6.9999999999998 -4.35207425653061e-14
7.0199999999997 -1.4210854715202e-14
7.03999999999971 -1.4210854715202e-14
7.0599999999997 -1.4210854715202e-14
7.0799999999998 -1.4210854715202e-14
7.0999999999998 -1.4210854715202e-14
7.11999999999981 -1.4210854715202e-14
7.1399999999997 -1.4210854715202e-14
7.1599999999997 -1.4210854715202e-14
7.17999999999961 -1.04360964314765e-14
7.1999999999998 -1.4210854715202e-14
7.2199999999998 -1.4210854715202e-14
7.2399999999998 -1.4210854715202e-14
7.25999999999991 -1.4210854715202e-14
7.2799999999999 -1.4210854715202e-14
7.2999999999997 -1.4210854715202e-14
7.31999999999971 7.92699239582362e-14
7.3399999999999 -1.4210854715202e-14
7.3599999999999 -1.4210854715202e-14
7.38000000000011 -1.4210854715202e-14
7.40000000000001 -1.4210854715202e-14
7.4199999999999 -1.4210854715202e-14
7.4399999999999 -1.4210854715202e-14
7.45999999999991 -1.04360964314765e-14
7.47999999999981 -1.4210854715202e-14
7.4999999999998 -1.4210854715202e-14
7.5199999999997 -1.4210854715202e-14
7.53999999999971 -1.4210854715202e-14
7.5599999999997 -1.4210854715202e-14
7.5799999999998 -1.4210854715202e-14
7.5999999999998 -1.4210854715202e-14
7.61999999999981 -1.4210854715202e-14
7.6399999999997 -1.4210854715202e-14
7.6599999999998 -1.4210854715202e-14
7.67999999999961 -1.04360964314765e-14
7.6999999999998 -1.4210854715202e-14
7.7199999999999 -1.4210854715202e-14
7.7399999999999 -1.4210854715202e-14
7.75999999999991 -1.4210854715202e-14
7.7799999999999 -1.4210854715202e-14
7.7999999999997 -1.4210854715202e-14
7.81999999999971 7.92699239582362e-14
7.8399999999998 -1.4210854715202e-14
7.8599999999999 -1.4210854715202e-14
7.88000000000011 -1.4210854715202e-14
7.90000000000001 -1.4210854715202e-14
7.9199999999999 -1.4210854715202e-14
7.9399999999999 -1.4210854715202e-14
7.95999999999991 -1.04360964314765e-14
7.97999999999981 -1.4210854715202e-14
7.9999999999998 -1.4210854715202e-14
8.0199999999997 -3.99680288865056e-14
8.03999999999971 -3.99680288865056e-14
8.0599999999996 -3.99680288865056e-14
8.0799999999998 -3.99680288865056e-14
8.0999999999998 -3.99680288865056e-14
8.11999999999981 -3.99680288865056e-14
8.1399999999997 -3.99680288865056e-14
8.1599999999997 -3.99680288865056e-14
8.17999999999971 -5.81756864903582e-14
8.1999999999998 -3.99680288865056e-14
8.2199999999999 -3.99680288865056e-14
8.2399999999998 -3.99680288865056e-14
8.25999999999991 -3.99680288865056e-14
8.2799999999999 -3.99680288865056e-14
8.2999999999998 -3.99680288865056e-14
8.31999999999971 -1.06581410364015e-14
8.3399999999998 -3.99680288865056e-14
8.3599999999999 -3.99680288865056e-14
8.38000000000011 -3.99680288865056e-14
8.40000000000001 -3.99680288865056e-14
8.4199999999999 -3.99680288865056e-14
8.4399999999999 -3.99680288865056e-14
8.45999999999991 -5.81756864903582e-14
8.4799999999999 -3.99680288865056e-14
8.4999999999998 -3.99680288865056e-14
8.5199999999997 -3.99680288865056e-14
8.53999999999971 -3.99680288865056e-14
8.5599999999997 -3.99680288865056e-14
8.5799999999998 -3.99680288865056e-14
8.5999999999998 -3.99680288865056e-14
8.61999999999981 -3.99680288865056e-14
8.6399999999997 -3.99680288865056e-14
8.6599999999997 -3.99680288865056e-14
8.67999999999971 -5.81756864903582e-14
8.6999999999998 -3.99680288865056e-14
8.7199999999998 -3.99680288865056e-14
8.7399999999998 -3.99680288865056e-14
8.75999999999991 -3.99680288865056e-14
8.7799999999999 -3.99680288865056e-14
8.7999999999998 -3.99680288865056e-14
8.81999999999971 -1.06581410364015e-14
8.8399999999998 -3.99680288865056e-14
8.8599999999999 -3.99680288865056e-14
8.88000000000011 -3.99680288865056e-14
8.90000000000001 -3.99680288865056e-14
8.9199999999999 -3.99680288865056e-14
8.9399999999999 -3.99680288865056e-14
8.95999999999991 -5.81756864903582e-14
8.97999999999981 -3.99680288865056e-14
8.9999999999998 -3.99680288865056e-14
9.0199999999997 -2.48689957516035e-14
9.03999999999971 -2.48689957516035e-14
9.0599999999996 -2.48689957516035e-14
9.0799999999998 -2.48689957516035e-14
9.0999999999998 -2.48689957516035e-14
9.11999999999991 -2.48689957516035e-14
9.1399999999997 -2.48689957516035e-14
9.1599999999998 -2.48689957516035e-14
9.17999999999971 3.46389583683049e-14
9.1999999999998 -2.48689957516035e-14
9.2199999999998 -2.48689957516035e-14
9.2399999999998 -2.48689957516035e-14
9.25999999999991 -2.48689957516035e-14
9.2799999999998 -2.48689957516035e-14
9.2999999999997 -2.48689957516035e-14
9.31999999999971 1.48769885299771e-14
9.3399999999999 -2.48689957516035e-14
9.36 -2.48689957516035e-14
9.38000000000011 -2.48689957516035e-14
9.40000000000001 -2.48689957516035e-14
9.4199999999999 -2.48689957516035e-14
9.4399999999998 -2.48689957516035e-14
9.45999999999991 3.46389583683049e-14
9.47999999999981 -2.48689957516035e-14
9.4999999999998 -2.48689957516035e-14
9.5199999999997 -2.48689957516035e-14
9.53999999999971 -2.48689957516035e-14
9.5599999999996 -2.48689957516035e-14
9.5799999999998 -2.48689957516035e-14
9.5999999999998 1.48769885299771e-14
9.61999999999991 -2.48689957516035e-14
9.6399999999998 -2.48689957516035e-14
9.6599999999998 -2.48689957516035e-14
9.67999999999971 3.46389583683049e-14
9.6999999999998 -2.48689957516035e-14
9.7199999999998 -2.48689957516035e-14
9.7399999999998 3.46389583683049e-14
9.75999999999991 -2.48689957516035e-14
9.7799999999998 -2.48689957516035e-14
9.7999999999998 -2.48689957516035e-14
9.81999999999971 1.48769885299771e-14
9.8399999999999 -2.48689957516035e-14
9.86 -2.48689957516035e-14
9.88000000000011 -2.48689957516035e-14
9.90000000000001 -2.48689957516035e-14
9.9199999999999 -2.48689957516035e-14
9.9399999999997 -2.48689957516035e-14
9.95999999999991 3.46389583683049e-14
9.97999999999981 -2.48689957516035e-14
9.9999999999997 -2.48689957516035e-14
10.0199999999997 5.6399329650958e-14
10.0399999999996 5.6399329650958e-14
10.0599999999997 5.6399329650958e-14
10.0799999999998 5.6399329650958e-14
10.0999999999999 -7.54951656745106e-14
10.1199999999999 5.6399329650958e-14
10.1399999999998 5.6399329650958e-14
10.1599999999998 5.6399329650958e-14
10.1799999999996 4.79616346638068e-14
10.1999999999998 5.6399329650958e-14
10.2199999999998 5.6399329650958e-14
10.2399999999998 4.79616346638068e-14
10.2599999999999 5.6399329650958e-14
10.2799999999997 5.6399329650958e-14
10.2999999999997 5.6399329650958e-14
10.3199999999997 -7.54951656745106e-14
10.3399999999999 5.6399329650958e-14
10.36 5.6399329650958e-14
10.3800000000001 5.6399329650958e-14
10.4000000000001 5.6399329650958e-14
10.4199999999999 5.6399329650958e-14
10.4399999999998 5.6399329650958e-14
10.4599999999998 4.79616346638068e-14
10.4799999999997 5.6399329650958e-14
10.4999999999997 5.6399329650958e-14
10.5199999999997 5.6399329650958e-14
10.5399999999996 5.6399329650958e-14
10.5599999999996 5.6399329650958e-14
10.5799999999998 5.6399329650958e-14
10.5999999999998 -7.54951656745106e-14
10.6199999999999 5.6399329650958e-14
10.6399999999997 5.6399329650958e-14
10.6599999999998 5.6399329650958e-14
10.6799999999996 4.79616346638068e-14
10.6999999999999 5.6399329650958e-14
10.7199999999998 5.6399329650958e-14
10.7399999999999 4.79616346638068e-14
10.7599999999999 5.6399329650958e-14
10.7799999999998 5.6399329650958e-14
10.7999999999998 5.6399329650958e-14
10.8199999999998 -7.54951656745106e-14
10.8399999999999 5.6399329650958e-14
10.8600000000001 5.6399329650958e-14
10.8800000000001 5.6399329650958e-14
10.9 5.6399329650958e-14
10.9199999999999 5.6399329650958e-14
10.9399999999997 5.6399329650958e-14
10.9599999999998 4.79616346638068e-14
10.9799999999997 5.6399329650958e-14
10.9999999999997 5.6399329650958e-14
11.0199999999996 9.32587340685131e-15
11.0399999999997 9.32587340685131e-15
11.0599999999996 9.32587340685131e-15
11.0799999999999 9.32587340685131e-15
11.0999999999998 -6.46149800331841e-14
11.1199999999999 9.32587340685131e-15
11.1399999999997 9.32587340685131e-15
11.1599999999999 9.32587340685131e-15
11.1799999999997 7.105427357601e-15
11.1999999999999 9.32587340685131e-15
11.2199999999998 9.32587340685131e-15
11.2399999999999 7.105427357601e-15
11.2599999999999 9.32587340685131e-15
11.2799999999998 9.32587340685131e-15
11.2999999999998 9.32587340685131e-15
11.3199999999998 -6.46149800331841e-14
11.3399999999999 9.32587340685131e-15
11.3600000000001 9.32587340685131e-15
11.3800000000001 9.32587340685131e-15
11.4 9.32587340685131e-15
11.4199999999999 9.32587340685131e-15
11.4399999999997 9.32587340685131e-15
11.4599999999998 7.105427357601e-15
11.4799999999996 9.32587340685131e-15
11.4999999999997 9.32587340685131e-15
11.5199999999996 9.32587340685131e-15
11.5399999999997 9.32587340685131e-15
11.5599999999996 9.32587340685131e-15
11.5799999999999 9.32587340685131e-15
11.5999999999998 -6.46149800331841e-14
11.6199999999999 9.32587340685131e-15
11.6399999999997 9.32587340685131e-15
11.6599999999999 9.32587340685131e-15
11.6799999999997 7.105427357601e-15
11.6999999999999 9.32587340685131e-15
11.7199999999999 9.32587340685131e-15
11.7399999999999 7.105427357601e-15
11.7599999999999 9.32587340685131e-15
11.7799999999998 9.32587340685131e-15
11.7999999999997 9.32587340685131e-15
11.8199999999998 -6.46149800331841e-14
11.8399999999999 9.32587340685131e-15
11.8600000000001 9.32587340685131e-15
11.8800000000001 9.32587340685131e-15
11.9 1.02140518265514e-14
11.9199999999999 9.32587340685131e-15
11.9399999999997 9.32587340685131e-15
11.9599999999998 1.4210854715202e-14
11.9799999999997 9.32587340685131e-15
11.9999999999997 9.32587340685131e-15
12.0199999999998 9.12603326241879e-14
12.0399999999997 9.88098491916389e-14
12.0599999999996 7.66053886991358e-14
12.0799999999998 7.66053886991358e-14
12.0999999999998 -4.55191440096314e-14
12.1199999999998 7.66053886991358e-14
12.1399999999997 7.66053886991358e-14
12.1599999999998 9.12603326241879e-14
12.1799999999997 4.13002965160558e-14
12.1999999999998 7.66053886991358e-14
12.2199999999998 7.66053886991358e-14
12.2399999999998 4.13002965160558e-14
12.2599999999998 7.66053886991358e-14
12.2799999999997 7.66053886991358e-14
12.2999999999997 7.66053886991358e-14
12.3199999999998 -4.55191440096314e-14
12.34 7.66053886991358e-14
12.3600000000001 7.66053886991358e-14
12.3800000000001 9.12603326241879e-14
12.4000000000001 9.88098491916389e-14
12.4199999999999 7.66053886991358e-14
12.4399999999998 7.66053886991358e-14
12.4599999999999 4.13002965160558e-14
12.4799999999998 7.66053886991358e-14
12.4999999999998 7.66053886991358e-14
12.5199999999998 9.12603326241879e-14
12.5399999999997 9.88098491916389e-14
12.5599999999996 7.66053886991358e-14
12.5799999999998 7.66053886991358e-14
12.5999999999998 -4.55191440096314e-14
12.6199999999998 7.66053886991358e-14
12.6399999999997 7.66053886991358e-14
12.6599999999998 9.12603326241879e-14
12.6799999999997 5.41788836017076e-14
12.6999999999998 7.66053886991358e-14
12.7199999999998 7.66053886991358e-14
12.7399999999998 6.3504757008559e-14
12.7599999999998 7.66053886991358e-14
12.7799999999997 7.66053886991358e-14
12.7999999999997 7.66053886991358e-14
12.8199999999998 -6.06181771445335e-14
12.84 7.66053886991358e-14
12.8600000000001 7.66053886991358e-14
12.8800000000001 -4.46309655899313e-14
12.9000000000001 1.00142116821189e-13
12.9199999999999 7.66053886991358e-14
12.9399999999998 7.66053886991358e-14
12.9599999999999 2.30926389122033e-14
12.9799999999998 7.66053886991358e-14
12.9999999999998 7.66053886991358e-14
13.0199999999998 7.57172102794357e-14
13.0399999999997 9.52571355128384e-14
13.0599999999996 7.57172102794357e-14
13.0799999999998 7.57172102794357e-14
13.0999999999998 -7.46069872548105e-14
13.1199999999998 9.52571355128384e-14
13.1399999999997 7.57172102794357e-14
13.1599999999998 7.57172102794357e-14
13.1799999999997 9.52571355128384e-14
13.1999999999998 7.57172102794357e-14
13.2199999999998 7.57172102794357e-14
13.2399999999998 1.33226762955019e-15
13.2599999999997 9.52571355128384e-14
13.2799999999997 7.57172102794357e-14
13.2999999999997 7.57172102794357e-14
13.3199999999998 -7.46069872548105e-14
13.3399999999999 7.57172102794357e-14
13.3600000000001 7.57172102794357e-14
13.3800000000001 -7.46069872548105e-14
13.4000000000001 9.52571355128384e-14
13.4199999999999 7.57172102794357e-14
13.4399999999999 7.57172102794357e-14
13.4599999999999 1.33226762955019e-15
13.4799999999998 7.57172102794357e-14
13.4999999999998 7.57172102794357e-14
13.5199999999998 7.57172102794357e-14
13.5399999999997 9.52571355128384e-14
13.5599999999996 7.57172102794357e-14
13.5799999999998 7.57172102794357e-14
13.5999999999998 -7.59392548843607e-14
13.6199999999998 7.7937656328686e-14
13.6399999999997 7.57172102794357e-14
13.6599999999998 7.57172102794357e-14
13.6799999999997 7.30526750203353e-14
13.6999999999998 7.57172102794357e-14
13.7199999999998 7.57172102794357e-14
13.7399999999997 3.41948691584548e-14
13.7599999999997 5.79536418854332e-14
13.7799999999997 7.57172102794357e-14
13.7999999999997 7.57172102794357e-14
13.8199999999998 5.79536418854332e-14
13.84 7.57172102794357e-14
13.8600000000001 7.57172102794357e-14
13.8800000000001 -5.55111512312578e-14
13.9000000000001 5.79536418854332e-14
13.9199999999999 7.57172102794357e-14
13.9399999999999 7.57172102794357e-14
13.9599999999999 3.77475828372553e-14
13.9799999999998 7.57172102794357e-14
13.9999999999998 7.57172102794357e-14
14.0199999999998 6.32827124036339e-14
14.0399999999997 6.59472476627343e-14
14.0599999999996 7.61612994892857e-14
14.0799999999998 7.61612994892857e-14
14.0999999999998 -4.72955008490317e-14
14.1199999999998 7.61612994892857e-14
14.1399999999997 7.61612994892857e-14
14.1599999999998 7.61612994892857e-14
14.1799999999996 6.59472476627343e-14
14.1999999999998 7.61612994892857e-14
14.2199999999998 7.61612994892857e-14
14.2399999999998 6.32827124036339e-14
14.2599999999997 6.59472476627343e-14
14.2799999999997 7.61612994892857e-14
14.2999999999997 0.122915514463661
14.3199999999998 6.59472476627343e-14
14.3399999999999 -0.249957677600738
14.3600000000001 -0.010401059308861
14.3800000000001 -4.72955008490317e-14
14.4000000000001 6.59472476627343e-14
14.4199999999999 -0.561876895212203
14.4399999999999 -1.29374588409359
14.4599999999999 -1.00069597333544
14.4799999999998 -1.31062320520522
14.4999999999998 -0.690655853311744
14.5199999999998 -0.476277614849085
14.5399999999997 -1.25485276153113
14.5599999999996 -0.286563714116364
14.5799999999998 7.61612994892857e-14
14.5999999999998 -0.715054347017874
14.6199999999998 0.430439862430179
14.6399999999997 -0.347648112698866
14.6599999999998 -1.50934081719826
14.6799999999996 -0.609276574146198
14.6999999999998 0.245301233040752
14.7199999999998 -0.585759359088839
14.7399999999998 0.640959021494973
14.7599999999997 0.045902956877182
14.7799999999997 -0.715763898883417
14.7999999999997 -1.20378012883995
14.8199999999998 0.00132939183835323
14.8399999999999 1.11565616919492
14.8600000000001 0.115187096356682
14.8800000000001 -1.1630812674551
14.9000000000001 0.131065295014856
14.9199999999999 0.818570757127034
14.9399999999998 1.50352891516324
14.9599999999999 1.52061231544398
14.9799999999998 0.49697307435362
14.9999999999998 0.760278258525401
15.0199999999998 3.24770608519114
15.0399999999997 2.68446410562318
15.0599999999996 -0.286991446075263
15.0799999999998 2.09440057885314
15.0999999999998 2.50915585439995
15.1199999999998 1.97149784732418
15.1399999999997 2.43034082651829
15.1599999999998 1.04311845349743
15.1799999999997 4.208344062193
15.1999999999998 1.26422656655873
15.2199999999998 2.44451270862749
15.2399999999998 1.66335498719973
15.2599999999997 2.84727843707312
15.2799999999997 2.98404885438018
15.2999999999997 2.87374765507034
15.3199999999998 3.49793743303208
15.3399999999999 3.67348693058357
15.3600000000001 4.86790626104784
15.3800000000001 4.15710635803723
15.4000000000001 4.06167234667789
15.4199999999999 3.47024645430877
15.4399999999998 4.42518066400759
15.4599999999999 4.81809702753698
15.4799999999998 3.52523521059603
15.4999999999998 2.49598289355626
15.5199999999998 5.59145521192424
15.5399999999997 2.940169337615
15.5599999999996 6.72293543347722
15.5799999999998 6.60707194069916
15.5999999999998 3.83484925584575
15.6199999999998 5.33592371642249
15.6399999999997 4.83316954066292
15.6599999999998 6.75115182710019
15.6799999999996 6.44818992282501
15.6999999999998 8.63486787769307
15.7199999999998 6.88548446283948
15.7399999999998 4.58471672058968
15.7599999999997 7.32988912528632
15.7799999999997 7.23957254790895
15.7999999999997 10.0753893735868
15.8199999999998 8.5675227447987
15.8399999999999 9.87072421856345
15.8600000000001 7.19984106632217
15.8800000000001 10.7352547677838
15.9000000000001 8.97863587933859
15.9199999999999 7.14938415598653
15.9399999999998 10.4102866366568
15.9599999999999 8.72272787721073
15.9799999999998 9.6204445127475
15.9999999999999 9.1508170446093
16.0199999999998 11.8314725776751
16.0399999999998 11.3285428689941
16.0599999999996 12.2277265924492
16.0799999999998 11.4529587675179
16.0999999999997 10.1768430158976
16.1199999999998 12.3736113609044
16.1399999999997 10.4082022719347
16.1599999999998 15.2120679157703
16.1799999999997 11.0250019491283
16.1999999999998 14.0236261791875
16.2199999999998 11.55369478934
16.2399999999998 13.9706608706885
16.2599999999998 12.4320904780985
16.2799999999996 14.3217229363597
16.2999999999997 14.0440933180488
16.3199999999998 12.7834879856599
16.3399999999999 16.0285419054396
16.36 13.8035725173412
16.38 17.8684437709299
16.4000000000001 15.9838219401844
16.4199999999999 15.3792272620722
16.4399999999998 15.2133831050079
16.4599999999999 14.8329286221389
16.4799999999999 14.8413362873287
16.4999999999999 16.4598622637707
16.5199999999998 16.8802629458007
16.5399999999997 15.2011168835553
16.5599999999996 23.4616099380022
16.5799999999998 19.8329732132638
16.5999999999997 18.9610264012938
16.6199999999998 18.4060144121912
16.6399999999997 21.5419863871474
16.6599999999998 20.2894544131161
16.6799999999997 22.9336213690669
16.6999999999998 20.707948472101
16.7199999999998 20.8514544669322
16.7399999999998 23.3853763646539
16.7599999999998 16.309615043914
16.7799999999996 23.4281952026606
16.7999999999997 19.194695297371
16.8199999999998 25.7099021912924
16.8399999999999 21.6566889299373
16.86 21.2848568100834
16.88 18.9614482878636
16.9 22.0004081257843
16.9199999999999 22.4757719058016
16.9399999999998 23.4517405169414
16.9599999999999 20.1010407592847
16.9799999999999 21.319368609018
16.9999999999999 28.2562722583979
17.0199999999998 21.9857987920612
17.0399999999997 23.202462848402
17.0599999999996 22.5845994674028
17.0799999999998 22.1958435671729
17.0999999999998 22.28136903514
17.1199999999998 27.5494616200646
17.1399999999997 27.6568218021317
17.1599999999998 24.9726736025435
17.1799999999997 27.7179341276698
17.1999999999998 27.5428780556175
17.2199999999998 24.5245391345316
17.2399999999998 28.2543666607729
17.2599999999998 25.5864193387446
17.2799999999997 23.5104085028786
17.2999999999997 30.4301642530611
17.3199999999998 27.0871787187897
17.3399999999999 29.1996272922987
17.36 24.1487210480536
17.38 26.2466610410555
17.4 30.3063540524265
17.4199999999999 26.2413424898116
17.4399999999998 29.8991489947552
17.4599999999999 29.547957744074
17.4799999999999 27.1691560949713
17.4999999999999 25.3504459384867
17.5199999999998 30.6572825044811
17.5399999999998 28.8339600807262
17.5599999999996 30.8758332672993
17.5799999999998 29.3314192590955
17.5999999999997 33.6964359761486
17.6199999999998 28.7862326321363
17.6399999999997 30.3217263063299
17.6599999999998 33.3394225432685
17.6799999999997 30.6344537980507
17.6999999999998 36.1083677983653
17.7199999999998 35.5982391808182
17.7399999999998 36.4179735972598
17.7599999999998 36.4872264055701
17.7799999999997 31.5193339551191
17.7999999999997 35.9088132384864
17.8199999999998 28.355373524051
17.8399999999999 38.0074166967085
17.86 36.7676408054048
17.88 32.2983199857165
17.9 34.0415749865186
17.9199999999999 36.1559308576743
17.9399999999998 33.5310836439771
17.9599999999999 31.2424408870661
17.9799999999999 28.2589506274995
17.9999999999999 38.0575296989017
18.0199999999998 34.3011026391275
18.0399999999998 41.3823998006286
18.0599999999996 37.6687796226907
18.0799999999998 38.6013240518594
18.0999999999997 37.9611993188476
18.1199999999997 33.4695686535606
18.1399999999997 35.5592377173321
18.1599999999997 37.5960106492199
18.1799999999997 33.3240223467582
18.1999999999998 35.6722347277567
18.2199999999998 38.7909700792795
18.2399999999998 34.243981718091
18.2599999999998 29.1098037888892
18.2799999999997 34.3148186243304
18.2999999999997 30.5657903158439
18.3199999999998 38.5525797162059
18.3399999999999 37.402411686303
18.36 35.9331452117727
18.38 34.7090645660249
18.4 37.1338766964577
18.4199999999999 40.3641165153493
18.4399999999998 43.8762448035728
18.4599999999999 39.4622499791551
18.4799999999999 40.0027135152295
18.4999999999999 48.1779944339852
18.5199999999998 45.2935494077738
18.5399999999998 41.9936196201597
18.5599999999997 46.6377459475358
18.5799999999998 39.7653687369688
18.5999999999997 46.6326311374649
18.6199999999997 44.5351028236086
18.6399999999997 42.195571768874
18.6599999999997 43.382046592178
18.6799999999997 40.950922978131
18.6999999999998 51.2408078944897
18.7199999999998 44.4068601013638
18.7399999999998 41.2114705479303
18.7599999999998 40.3298544485694
18.7799999999997 48.4569481871245
18.7999999999997 42.9040942981416
18.8199999999998 49.391493739151
18.8399999999999 47.8683926446517
18.86 42.7355837766224
18.88 42.7225525405566
18.9 43.527357085475
18.9199999999999 39.1318838975906
18.9399999999998 46.7245460026796
18.9599999999999 48.7003371321131
18.9799999999999 48.6731989257929
18.9999999999999 52.1225329091756
19.0199999999998 37.7881456614572
19.0399999999998 46.9297831275801
19.0599999999996 50.3282316042292
19.0799999999998 48.8840663190925
19.0999999999997 52.5641139726951
19.1199999999997 55.8021204183836
19.1399999999997 52.522715996405
19.1599999999997 53.5332874120367
19.1799999999996 43.4296135900184
19.1999999999998 48.9674926427464
19.2199999999998 48.3045116635354
19.2399999999999 50.1192531475312
19.2599999999998 49.6415539308078
19.2799999999997 45.128190666018
19.2999999999997 48.3098336759092
19.3199999999998 48.5689215757392
19.3399999999999 46.4303896945382
19.3599999999999 55.9870959602682
19.38 55.5229158148538
19.4 43.7698925563058
19.4199999999999 53.9941921511544
19.4399999999998 52.7058004502491
19.4599999999999 54.2683733500443
19.4799999999999 48.1162253472882
19.4999999999999 49.1477700358162
19.5199999999999 57.0262656443411
19.5399999999998 56.6752013364216
19.5599999999997 51.2751797696726
19.5799999999998 54.7213561988596
19.5999999999997 57.4626292008913
19.6199999999997 52.2027151878318
19.6399999999997 59.6411202362791
19.6599999999997 61.3269875004101
19.6799999999996 54.690445561103
19.6999999999998 53.4427702689794
19.7199999999998 58.4521209473577
19.7399999999998 48.9963565350778
19.7599999999998 56.1818507104484
19.7799999999997 54.2438528420259
19.7999999999997 56.1797076426359
19.8199999999998 57.4008068494465
19.8399999999999 54.1620759598653
19.8599999999999 57.2147121074355
19.88 56.9323715895544
19.9 56.9857844188639
19.9199999999999 53.9232882363483
19.9399999999999 58.6516510429666
19.9599999999999 65.597914106457
19.9799999999999 65.4089590313725
19.9999999999999 63.4160952456446
20.0199999999998 66.0915433002272
20.0399999999998 61.1241619725235
20.0599999999997 64.6995321523597
20.0799999999998 60.8411236344292
20.0999999999997 60.5459808655211
20.1199999999997 61.7927500955643
20.1399999999997 64.6704727011223
20.1599999999997 64.2756376836644
20.1799999999996 52.284858616637
20.1999999999998 56.3701606964438
20.2199999999998 61.9885459753166
20.2399999999998 64.4109021618213
20.2599999999998 58.4906114136338
20.2799999999997 55.329815524326
20.2999999999997 56.2850417510587
20.3199999999998 64.6174876838417
20.3399999999999 58.9446862757652
20.3599999999999 65.0600596093003
20.38 59.9003680770613
20.4 63.7052777587334
20.4199999999999 58.9926000127616
20.4399999999998 59.3588364888007
20.4599999999999 56.50054584131
20.4799999999999 69.3179815576237
20.4999999999999 66.2737649327823
20.5199999999999 61.6195626201662
20.5399999999998 62.336496210472
20.5599999999997 55.6101621466431
20.5799999999998 68.2188005169659
20.5999999999997 58.2215586007256
20.6199999999997 50.1411316201544
20.6399999999997 56.4208826251683
20.6599999999997 57.9117654449857
20.6799999999996 57.9955281972656
20.6999999999998 58.2366187709246
20.7199999999998 59.3360559362379
20.7399999999998 58.1385034761776
20.7599999999998 57.2257830840516
20.7799999999997 51.3634213857448
20.7999999999998 59.5302760872011
20.8199999999998 60.8804768218348
20.8399999999999 57.8989690599977
20.8599999999999 53.5248901921545
20.88 62.1025277527707
20.9 65.3216332283493
20.9199999999999 60.3575746994202
20.9399999999998 66.8511174129992
20.9599999999999 62.7686680496136
20.9799999999999 61.1177823132207
20.9999999999999 55.9335582305985
21.0199999999999 59.2137019144153
21.0399999999998 63.4810347902399
21.0599999999997 67.4402376770874
21.0799999999998 64.3715409933944
21.0999999999997 64.481461597576
21.1199999999997 72.9466932587699
21.1399999999997 74.6406228842412
21.1599999999997 67.7729180643688
21.1799999999996 67.2777150370843
21.1999999999998 62.162003216929
21.2199999999998 66.8765177518247
21.2399999999998 68.6599687977252
21.2599999999998 67.8360252847072
21.2799999999997 72.3911486196203
21.2999999999998 67.9300512073662
21.3199999999998 65.6366091239394
21.3399999999999 81.1958748711877
21.3599999999999 67.5230516044896
21.38 73.4372922127791
21.4 74.2618457564261
21.4199999999999 76.4506055496634
21.4399999999998 59.8756511593346
21.4599999999999 68.5687254713682
21.4799999999999 73.6632290956726
21.4999999999999 70.2643107670563
21.5199999999999 66.7208728254641
21.5399999999998 72.2729538646798
21.5599999999997 67.477146901561
21.5799999999998 76.8495878531058
21.5999999999997 72.6703974336737
21.6199999999997 67.1931511850087
21.6399999999997 78.6787688922703
21.6599999999997 63.7684035239338
21.6799999999997 80.9000098405171
21.6999999999998 64.8385748750353
21.7199999999998 70.7139898000798
21.7399999999998 69.5263655985136
21.7599999999998 73.9374945736433
21.7799999999997 69.4901188951512
21.7999999999997 73.2430968045064
21.8199999999998 70.4068022244248
21.8399999999999 70.5124122241303
21.8599999999999 69.7179357593738
21.88 61.7377136599341
21.9 63.2761764777747
21.9199999999999 65.8361082360234
21.9399999999998 66.4659355180298
21.9599999999999 71.0570854534273
21.9799999999999 78.7018270755157
21.9999999999999 78.4612281034222
22.0199999999999 67.6858411338066
22.0399999999998 69.6340864021086
22.0599999999997 72.1676703961353
22.0799999999998 81.95763331164
22.0999999999997 75.4213593050943
22.1199999999997 71.7967445390617
22.1399999999997 67.6481195642544
22.1599999999997 69.7705310656662
22.1799999999997 68.354039848997
22.1999999999998 77.3247031661797
22.2199999999998 80.2813202926184
22.2399999999998 65.5843226191506
22.2599999999998 80.6858482058105
22.2799999999997 78.8203585234406
22.2999999999997 75.0589377389858
22.3199999999997 80.0659813617981
22.3399999999999 72.0946446507261
22.3599999999999 75.4375922661059
22.38 84.2433697901272
22.4 73.0572023778013
22.4199999999999 79.2655235116653
22.4399999999998 86.7673648490193
22.4599999999999 76.0727318739039
22.4799999999999 82.1382823761395
22.4999999999999 84.6853147139222
22.5199999999999 79.6473581660256
22.5399999999998 82.1585522822724
22.5599999999997 79.1875043443684
22.5799999999998 87.3920576035256
22.5999999999997 95.8804712346241
22.6199999999997 77.8210496548486
22.6399999999996 81.1598814298879
22.6599999999997 89.6398249997774
22.6799999999997 87.0361674601775
22.6999999999998 86.6023913036764
22.7199999999998 80.5244080329854
22.7399999999999 78.1488183529536
22.7599999999999 89.4796667987098
22.7799999999998 89.7723423634042
22.7999999999998 85.5465292865955
22.8199999999998 84.4569687346252
22.8399999999999 84.7619358365534
22.8599999999999 92.2130482538501
22.88 75.5858614734843
22.9 80.7883964651474
22.9199999999999 91.0671746547495
22.9399999999999 96.3441695011317
22.9599999999999 84.6461400407548
22.98 95.8661267259683
22.9999999999999 91.7296042335238
23.0199999999999 89.9092067985308
23.0399999999998 92.3349310495873
23.0599999999997 85.837123329645
23.0799999999998 82.6817877953064
23.0999999999997 80.6730193756357
23.1199999999997 93.0632882940582
23.1399999999996 87.9450558101733
23.1599999999997 94.1808082699093
23.1799999999997 82.3681225698772
23.1999999999998 95.8681935077133
23.2199999999998 89.7606830909726
23.2399999999999 91.6236335026436
23.2599999999998 92.0492189551399
23.2799999999997 101.366806147145
23.2999999999997 96.6404593979848
23.3199999999998 87.402386275648
23.3399999999999 94.6011496318838
23.3599999999999 97.0855292452923
23.38 103.286801865899
23.4 97.2778769165241
23.4199999999999 97.1195859182521
23.4399999999999 90.86922088079
23.4599999999999 92.1711686202969
23.4799999999999 104.113300834488
23.4999999999999 102.280453271427
23.5199999999999 99.4362260729763
23.5399999999998 102.773772309501
23.5599999999997 102.882489230924
23.5799999999998 94.3792034093459
23.5999999999997 80.4250609334828
23.6199999999997 91.2775474453815
23.6399999999997 91.8048117274989
23.6599999999997 97.161341376775
23.6799999999997 108.279751572693
23.6999999999999 95.3005394000453
23.7199999999999 97.4562709644423
23.7399999999999 108.616611912333
23.7599999999998 101.705254214697
23.7799999999997 102.052490556285
23.7999999999997 101.508737036348
23.8199999999998 99.8221064476203
23.8399999999999 98.9214671651472
23.8599999999999 98.6041020038461
23.88 97.0780450181683
23.9 107.915285434993
23.9199999999999 97.534409878708
23.9399999999999 100.514657518391
23.9599999999999 96.7657435511522
23.9799999999999 105.540960869527
23.9999999999999 102.287787710615
24.0199999999999 95.3338413180411
24.0399999999998 101.131242230996
24.0599999999997 102.271248923095
24.0799999999998 105.206221830118
24.0999999999997 97.1241486310819
24.1199999999997 89.1783436998487
24.1399999999997 98.9837259873081
24.1599999999997 108.730856986294
24.1799999999997 105.23496457426
24.1999999999999 96.4887893321307
24.2199999999999 93.2608827034877
24.2399999999999 111.37211381399
24.2599999999998 94.8613113409486
24.2799999999998 100.117297953619
24.2999999999998 100.499842771757
24.3199999999998 110.81124181462
24.3399999999999 107.137865079436
24.3599999999999 107.96638480108
24.3799999999999 109.265738930166
24.4 104.533097573243
24.4199999999999 100.989952896509
24.4399999999998 96.8785869700503
24.4599999999999 103.302602488247
24.4799999999999 106.048507327001
24.4999999999999 105.011099250526
24.5199999999999 96.430756920676
24.5399999999998 101.731843614309
24.5599999999997 100.787506658643
24.5799999999998 101.844919979628
24.5999999999997 104.251010737078
24.6199999999997 101.988825157826
24.6399999999997 98.8573866762125
24.6599999999997 108.446565916213
24.6799999999997 103.964864337106
24.6999999999998 106.037697804099
24.7199999999998 94.1875975846482
24.7399999999999 100.849592768975
24.7599999999999 102.091862087319
24.7799999999998 100.933583721244
24.7999999999998 99.3367065817637
24.8199999999998 106.462400110159
24.8399999999999 106.00268678117
24.8599999999999 90.940525637984
24.8799999999999 89.5429054655315
24.8999999999998 92.0685930029775
24.9199999999998 102.927165827205
24.9399999999997 112.703148963094
24.9599999999998 105.360943328768
24.9799999999999 97.1425623602822
25 90.832102413708
25.0199999999999 95.7517322967654
25.0399999999999 95.9987461567459
25.0599999999998 105.917615366443
25.0799999999999 94.7115856354897
25.0999999999998 93.4931108462139
25.1199999999998 92.2419421276044
25.1399999999997 91.4024451394719
25.1599999999998 86.8650062864141
25.1799999999997 86.7392490035623
25.1999999999998 97.1823482568024
25.2199999999998 109.793279036069
25.2399999999999 91.1399569937308
25.2599999999999 98.1232100027881
25.2799999999998 88.1996063086089
25.2999999999998 88.9866247060901
25.3199999999998 85.720582569272
25.3399999999999 93.9579767898604
25.3599999999999 88.2626756585036
25.3799999999999 92.722353041892
25.3999999999998 89.527674133533
25.4199999999998 89.3830363282387
25.4399999999997 84.478156876213
25.4599999999998 76.3493563541957
25.4799999999999 90.6854266943235
25.5 89.6344226672508
25.5199999999999 77.9634598879158
25.5399999999999 90.6847834226947
25.5599999999998 83.8441296971612
25.5799999999999 87.0985570601014
25.5999999999998 104.359976499013
25.6199999999998 85.3612674814706
25.6399999999998 102.432291008296
25.6599999999998 106.509904810612
25.6799999999997 85.9720830742073
25.6999999999998 84.2089673539159
25.7199999999998 86.6189781313104
25.7399999999999 79.8447714849173
25.7599999999999 74.3218343552057
25.7799999999998 84.363807902405
25.7999999999998 91.9599113270145
25.8199999999998 81.6851477186835
25.8399999999999 80.2633259771731
25.8599999999999 84.5866894626163
25.8799999999999 97.5237807375285
25.8999999999998 95.7918803798925
25.9199999999998 80.4997797817582
25.9399999999997 88.7132262396477
25.9599999999998 84.8743241287592
25.9799999999999 90.7378153368223
26 78.3534995974589
26.0199999999999 77.6713324340641
26.0399999999999 92.6834050324115
26.0599999999998 89.018345084754
26.0799999999999 82.6700379103249
26.0999999999998 92.2901580843064
26.1199999999998 91.7212759951316
26.1399999999998 82.692874574232
26.1599999999998 88.1840896228543
26.1799999999997 77.8134847171891
26.1999999999998 89.8787344835099
26.2199999999998 92.5414136681138
26.2399999999999 93.1507586984383
26.26 92.5768461781843
26.2799999999999 94.8917500274596
26.2999999999998 89.0724219861376
26.3199999999998 101.14577894058
26.3399999999999 99.6402361296341
26.3599999999999 91.863624451064
26.3799999999998 99.36910227259
26.3999999999998 91.8701226395423
26.4199999999998 94.1854968739508
26.4399999999996 99.712033352998
26.4599999999997 95.6249600523222
26.4799999999998 94.2179273630981
26.4999999999999 98.7384008050221
26.5199999999999 93.2322289749213
26.5399999999999 88.766344015773
26.5599999999998 94.0777011049922
26.5799999999998 95.3269204003739
26.5999999999998 84.2382128034864
26.6199999999998 95.1181637528018
26.6399999999998 102.309541387869
26.6599999999998 97.2663905264384
26.6799999999998 94.0500008895977
26.6999999999998 95.7537889561867
26.7199999999999 95.6075655732264
26.7399999999999 94.1100920840653
26.7599999999999 93.9988076742059
26.7799999999999 104.19931355771
26.7999999999999 104.183676711952
26.8199999999998 91.9019080388223
26.8399999999999 90.6203683308445
26.8599999999999 100.735062376664
26.8799999999998 98.1107453567033
26.8999999999998 93.2468040156873
26.9199999999997 106.306449250288
26.9399999999997 104.53048518617
26.9599999999997 107.06133212736
26.9799999999999 100.347895362637
26.9999999999999 100.887936849775
27.0199999999999 98.5637764391085
27.0399999999999 108.103514607276
27.0599999999997 106.55261998683
27.0799999999998 102.302372737316
27.0999999999998 105.38914185357
27.1199999999998 92.5080870327057
27.1399999999998 109.49049087159
27.1599999999998 115.799833364468
27.1799999999997 111.26204820672
27.1999999999998 97.0003881848825
27.2199999999998 94.2476919746774
27.2399999999999 101.222173636467
27.2599999999999 103.359325061498
27.2799999999998 108.080173281753
27.2999999999998 112.01987602275
27.3199999999998 98.824352164959
27.3399999999999 99.2632699758586
27.3599999999999 106.300391933328
27.3799999999998 105.008813294092
27.3999999999999 112.257434517903
27.4199999999998 97.9748701818276
27.4399999999997 108.109746100073
27.4599999999998 119.593289143957
27.4799999999999 117.231265412598
27.5 107.429492622235
27.5199999999999 108.721910751175
27.5399999999999 102.740042937904
27.5599999999998 112.97090845402
27.5799999999998 112.751219849193
27.5999999999997 115.094292505636
27.6199999999998 121.849795535571
27.6399999999998 118.540943457832
27.6599999999998 108.870777560922
27.6799999999997 102.336929642478
27.6999999999998 118.41791712454
27.7199999999998 112.551794337386
27.7399999999999 119.996458532947
27.7599999999999 117.824954947015
27.7799999999999 111.068072521362
27.7999999999998 124.099270685616
27.8199999999998 112.009796646225
27.8399999999999 118.606916914474
27.8599999999999 124.705375498617
27.8799999999998 109.631689964396
27.8999999999999 116.097405249897
27.9199999999998 112.246310879765
27.9399999999997 124.264121918242
27.9599999999997 117.309363071125
27.9799999999999 111.12247157311
28 116.289940884734
28.0199999999999 125.655200426527
28.0399999999999 116.973136874875
28.0599999999997 129.613529155856
28.0799999999998 120.103005281256
28.0999999999998 118.029373936338
28.1199999999998 117.522118055471
28.1399999999998 113.149070546441
28.1599999999998 121.279958310992
28.1799999999997 121.898092283836
28.1999999999998 116.612620866689
28.2199999999998 101.028364562063
28.2399999999999 111.674549982839
28.2599999999999 125.643039214598
28.2799999999999 130.938431405298
28.2999999999998 111.452264059426
28.3199999999998 122.468031025621
28.3399999999999 118.728849713667
28.3599999999998 136.140137587692
28.3799999999998 122.617398214357
28.3999999999998 120.944114463982
28.4199999999997 115.711479132206
28.4399999999997 112.375658669201
28.4599999999997 121.300849392667
28.4799999999999 123.163243293437
28.5 123.177115240015
28.5199999999999 122.933711576341
28.5399999999999 116.809657990395
28.5599999999997 118.252070761176
28.5799999999998 112.033230934658
28.5999999999998 114.738442505028
28.6199999999998 113.764181022273
28.6399999999998 120.977275445714
28.6599999999998 107.000249036557
28.6799999999997 110.823302422523
28.6999999999998 116.063106017801
28.7199999999998 122.943609420401
28.7399999999999 111.898130406121
28.7599999999999 118.539820246193
28.7799999999998 122.512557222211
28.7999999999998 116.946379225969
28.8199999999998 120.079472187201
28.8399999999999 129.791064897313
28.8599999999999 126.283126109574
28.8799999999998 118.484874902856
28.8999999999998 121.721527205243
28.9199999999997 110.014581285513
28.9399999999997 119.741862144828
28.9599999999998 125.844756688247
28.9799999999999 118.770843100194
29 120.124178394247
29.0199999999999 110.983184901473
29.0399999999999 106.720388980582
29.0599999999997 111.785001149004
29.0799999999998 106.539505422214
29.0999999999998 112.277887395731
29.1199999999998 124.835578438906
29.1399999999997 120.084996851766
29.1599999999998 123.705884672842
29.1799999999997 126.964180308981
29.1999999999998 119.009024918454
29.2199999999999 108.392841569009
29.24 116.65859183705
29.26 112.690953903482
29.2799999999998 106.880915954407
29.2999999999998 122.197305949036
29.3199999999998 121.996244393673
29.3399999999999 109.825031566731
29.3599999999999 121.349384680465
29.3799999999998 114.827148418024
29.3999999999998 120.832095907417
29.4199999999997 116.777475120202
29.4399999999997 116.662300633493
29.4599999999998 122.248434635608
29.4799999999999 125.910210039595
29.5 131.126131541292
29.5199999999999 137.673145688836
29.5399999999999 136.798502844984
29.5599999999997 118.536094014391
29.5799999999998 113.949192251338
29.5999999999998 117.283819442193
29.6199999999998 120.351223745063
29.6399999999997 116.120748594591
29.6599999999998 116.977558289443
29.6799999999997 126.66425138757
29.6999999999998 110.52998304026
29.7199999999999 113.094740166456
29.74 111.049349465932
29.76 103.012090182807
29.7799999999999 102.749213164541
29.7999999999998 109.009740409367
29.8199999999998 105.808734006653
29.8399999999999 101.798158243452
29.8599999999999 102.027032762535
29.8799999999998 106.327054606487
29.8999999999998 105.84106520201
29.9199999999998 102.247802994862
29.9399999999997 108.575472924207
29.9599999999997 116.714392584785
29.9799999999999 119.954306374939
30 120.674433803724
30 120.674433803724
29.9799999999999 105.657021831317
29.9599999999997 103.908263907857
29.9399999999997 120.425310730142
29.9199999999997 110.222609846916
29.8999999999998 98.5664456800563
29.8799999999998 102.457875764639
29.8599999999999 107.409667638499
29.8399999999998 110.389164426062
29.8199999999998 111.486464899196
29.7999999999998 93.9118235438588
29.7799999999998 96.6384074447287
29.7599999999999 102.346065748539
29.7399999999999 106.45767645271
29.7199999999998 96.2463044642877
29.6999999999999 94.461111503878
29.6799999999998 98.4409494569464
29.6599999999998 93.4489070020777
29.6399999999998 89.9081901010916
29.6199999999998 90.1379119398602
29.5999999999998 108.61696887246
29.5799999999998 91.1820392380435
29.5599999999997 81.5408050618227
29.5399999999999 85.6074406344765
29.5199999999999 91.4395346743219
29.5 90.2346152936342
29.4799999999999 92.9442725287569
29.4599999999997 77.7367780962859
29.4399999999997 93.8128160654675
29.4199999999997 84.9275723161459
29.3999999999998 91.3370775351583
29.3799999999998 81.1820608079803
29.3599999999999 84.1531320827289
29.3399999999999 82.1987037883385
29.3199999999998 83.0629228816109
29.2999999999999 92.0082071081153
29.2799999999998 82.5135933928221
29.26 87.3921321184503
29.2399999999999 84.2356699656589
29.2199999999999 83.2388957038008
29.1999999999998 79.3280039725762
29.1799999999997 80.26889021075
29.1599999999997 84.5687207169842
29.1399999999997 75.927079017185
29.1199999999998 81.9932004586767
29.0999999999998 69.8229579211257
29.0799999999998 69.7496495983588
29.0599999999997 75.5213322782525
29.0399999999999 67.705977553165
29.0199999999999 69.1669344824651
29 74.643061284249
28.9799999999999 72.7936839198927
28.9599999999997 72.2824342449047
28.9399999999997 77.3624945276517
28.9199999999997 67.4481130665143
28.8999999999998 72.2044436893781
28.8799999999998 61.8172157461258
28.8599999999999 69.9460133865634
28.8399999999999 63.4919133423374
28.8199999999998 70.2862840947292
28.7999999999998 67.6658968484193
28.7799999999998 72.4418218799238
28.7599999999999 72.6491045211695
28.7399999999999 65.6208438011307
28.7199999999999 68.8526854200301
28.6999999999998 66.3243671502806
28.6799999999997 67.2870053853976
28.6599999999997 64.9770944238043
28.6399999999997 60.5836364102002
28.6199999999998 64.9431194984979
28.5999999999998 67.2937509772935
28.5799999999998 67.0091614665452
28.5599999999998 66.0213579876629
28.5399999999999 58.9130919614388
28.5199999999999 58.4894639634192
28.5 58.6599368049872
28.4799999999999 57.5897969588158
28.4599999999997 60.1690039031797
28.4399999999997 55.3478431198324
28.4199999999998 54.2590218662326
28.3999999999998 58.3912148106922
28.3799999999998 44.2180072607647
28.3599999999999 57.4959828501144
28.3399999999999 59.2340624444549
28.3199999999998 60.9885545449828
28.2999999999998 67.195713273276
28.2799999999998 57.3716369779331
28.2599999999999 67.666834876783
28.2399999999999 51.2311628338829
28.2199999999998 55.2896499802981
28.1999999999998 58.265779822776
28.1799999999997 54.8712149461327
28.1599999999998 51.7799743558647
28.1399999999998 56.6941969500534
28.1199999999998 48.7329204724749
28.0999999999998 50.4812788054422
28.0799999999998 63.1550127662685
28.0599999999997 52.982019832211
28.0399999999999 54.2037446102092
28.0199999999999 51.2945200041499
27.9999999999999 52.4385850623606
27.9799999999999 48.0064074962072
27.9599999999997 47.9956749381492
27.9399999999997 56.1634328736487
27.9199999999998 53.4160519731483
27.8999999999998 44.4020847289219
27.8799999999998 48.9037835657143
27.8599999999998 48.6441530585507
27.8399999999998 47.5098849130365
27.8199999999997 42.1748561425104
27.7999999999998 38.517952131724
27.7799999999998 36.5892266580573
27.76 43.599777265044
27.74 42.2355530047155
27.7199999999999 40.3162526054994
27.6999999999999 38.5890689112109
27.6799999999997 45.7759166646576
27.6599999999998 39.2110039716505
27.6399999999998 44.5050972823639
27.6199999999998 45.2357733404463
27.5999999999998 40.2678504611749
27.5799999999998 40.7180607404689
27.5599999999998 45.9011541894604
27.5399999999999 52.8766112268391
27.5199999999999 47.4686926036314
27.5 31.9975566195061
27.4799999999999 32.6405174315037
27.4599999999997 30.8961653007951
27.4399999999997 34.6342292675767
27.4199999999998 46.0331926452219
27.3999999999999 38.341703594794
27.3799999999998 33.584323913973
27.3599999999999 41.6393706256152
27.3399999999999 36.5085632719922
27.3199999999998 42.3245465760027
27.2999999999998 44.0426403113737
27.2799999999998 38.968558337188
27.2599999999999 37.5910763694143
27.2399999999999 37.5274888581318
27.2199999999998 30.0695377710862
27.1999999999998 39.2318460161766
27.1799999999997 34.4515393440596
27.1599999999997 41.8849143308168
27.1399999999998 32.5620580328419
27.1199999999998 40.8270705714327
27.0999999999997 34.4221413041027
27.0799999999998 32.2495585455947
27.0599999999997 34.2202878084233
27.0399999999998 33.6994887093185
27.0199999999999 30.12548934166
27 24.9236006540779
26.9799999999999 33.7459018267706
26.9599999999998 34.693498809556
26.9399999999997 29.7137654628697
26.9199999999998 25.4188690853828
26.8999999999999 28.7035901351936
26.8799999999999 30.7365923491834
26.8599999999999 31.3253988882802
26.8399999999999 32.3686014346883
26.8199999999998 35.4704207782291
26.7999999999998 26.598980298609
26.7799999999998 28.4750635293352
26.7599999999999 31.2098059207041
26.7399999999999 25.2193881496709
26.7199999999998 25.8951045706442
26.6999999999998 31.8764186538287
26.6799999999997 32.3780880510608
26.6599999999997 30.174742399002
26.6399999999998 36.3293537913525
26.6199999999998 22.5208574632981
26.5999999999998 26.0790977467483
26.5799999999998 19.468487681497
26.5599999999997 25.8907160433303
26.5399999999998 31.6057697219851
26.5199999999999 29.8713065342743
26.5 20.9543597797976
26.4799999999999 21.7753200972306
26.4599999999997 21.9170113609939
26.4399999999997 17.4213710798108
26.4199999999998 23.2936520658265
26.3999999999999 27.587895244358
26.3799999999999 25.4336552192491
26.3599999999999 15.5774924502746
26.3399999999999 19.4050323823226
26.3199999999998 20.3628935384315
26.2999999999999 28.6974773571084
26.2799999999998 21.9864615940697
26.2599999999999 19.2604104208979
26.2399999999998 22.267870955963
26.2199999999998 7.75165466096408
26.1999999999998 15.9572892318376
26.1799999999997 21.0978835847761
26.1599999999998 20.0232644360473
26.1399999999997 23.2556212059427
26.1199999999998 22.2964183520374
26.0999999999998 18.7838177414171
26.0799999999998 20.0649323058837
26.0599999999998 27.9800451151493
26.0399999999998 29.9280676216713
26.0199999999999 18.8815399464731
25.9999999999999 20.2974056751462
25.9799999999999 19.3049985288449
25.9599999999998 23.527238611323
25.9399999999996 26.7065670041329
25.9199999999997 25.7788980147865
25.8999999999998 17.2723918044127
25.8799999999999 23.3043561242663
25.8599999999998 17.9992189692909
25.8399999999998 20.8611072049069
25.8199999999998 20.1951742991279
25.7999999999998 21.5959905542366
25.7799999999998 19.8970470904486
25.7599999999999 19.7142471880315
25.7399999999999 17.2740038057727
25.7199999999999 24.0693525858152
25.6999999999999 21.4009169188416
25.6799999999997 22.8409545764992
25.6599999999998 13.681375539072
25.6399999999997 20.2078677569121
25.6199999999998 16.8539699175899
25.5999999999998 16.0178570933554
25.5799999999998 13.9610750484008
25.5599999999998 16.0573925782449
25.5399999999999 14.4719884496611
25.5199999999999 16.7474570915081
25.5 18.1608069623252
25.4799999999999 16.0395784995746
25.4599999999998 17.1748255985568
25.4399999999997 14.2921434708903
25.4199999999998 11.2151023649115
25.3999999999998 16.0672773591098
25.3799999999999 14.0295107912333
25.3599999999999 20.5887848854574
25.3399999999999 12.5925811771676
25.3199999999998 14.5465448734012
25.2999999999998 14.4168324470267
25.2799999999998 15.9850431043877
25.2599999999999 10.7172923440648
25.2399999999999 11.5029636240837
25.2199999999998 12.8917658604348
25.1999999999998 16.0681793446272
25.1799999999997 18.1763847020725
25.1599999999997 12.5607424008102
25.1399999999997 11.5831788114883
25.1199999999998 12.9209557122651
25.0999999999998 7.72397238050013
25.0799999999999 5.82756694297833
25.0599999999998 9.28723474561089
25.0399999999999 10.5070919073389
25.0199999999999 14.0670246778089
25 6.99392043316991
24.9799999999999 6.61430482518548
24.9599999999998 10.6890951676291
24.9399999999997 8.56400091729816
24.9199999999998 9.1145497062644
24.8999999999998 10.1102358682323
24.8799999999999 16.6654897805472
24.8599999999999 8.3329371538201
24.8399999999999 10.0105025283706
24.8199999999998 7.9078944425857
24.7999999999998 5.95368935835946
24.7799999999998 7.08449005162518
24.7599999999999 6.08714300153908
24.7399999999999 5.97783944577825
24.7199999999998 8.05650866727247
24.6999999999998 8.97603225922294
24.6799999999997 7.74249540369876
24.6599999999997 6.19267031631468
24.6399999999997 3.30257317748984
24.6199999999998 1.42950026637224
24.5999999999998 4.93214593249697
24.5799999999998 6.71801432380227
24.5599999999997 2.76827308355676
24.5399999999998 5.16781839571742
24.5199999999999 4.28275876484927
24.4999999999999 2.64199344008745
24.4799999999999 4.41983803503682
24.4599999999999 6.38239932771751
24.4399999999998 4.40387654917043
24.4199999999999 5.54143039973758
24.3999999999999 1.81796380279167
24.38 4.55378300504503
24.3599999999999 2.58874259028716
24.3399999999999 2.65341680925625
24.3199999999998 1.88673680036102
24.2999999999998 2.37039412389094
24.2799999999998 0.26059534599616
24.2599999999998 2.08155270536234
24.2399999999999 2.2378199577092
24.2199999999998 -1.71223037307255
24.1999999999999 1.51566557726641
24.1799999999997 -1.24926750902381
24.1599999999997 1.95707952955365
24.1399999999997 1.04140740512265
24.1199999999997 1.52871822214943
24.0999999999997 0.799039297925152
24.0799999999998 0.00328338110928628
24.0599999999997 -1.14665690855786
24.0399999999998 1.78365660454744
24.0199999999999 -0.409134732612005
23.9999999999999 -1.41975863580331
23.9799999999999 0.758123992662018
23.9599999999999 -3.05293685679165
23.9399999999998 -0.671356862661214
23.9199999999998 0.603332496721218
23.8999999999999 -1.08866896202866
23.88 -1.97804965064877
23.8599999999999 -1.01196323447769
23.8399999999998 -0.784807021977538
23.8199999999997 -2.41496790651313
23.7999999999997 -2.04218342131307
23.7799999999998 -2.45677078032805
23.7599999999998 -1.98985731154308
23.7399999999999 -1.74543416010343
23.7199999999999 -2.34176596097175
23.6999999999998 -1.39823915096586
23.6799999999997 -0.349675808522964
23.6599999999997 -1.84724355054329
23.6399999999996 -2.62359923850232
23.6199999999997 -4.13446169708489
23.5999999999997 -4.24077744020901
23.5799999999998 -3.32204770601114
23.5599999999997 -2.26138115302526
23.5399999999998 -3.50992714996289
23.5199999999999 -0.51881581155754
23.4999999999999 -3.58335865821365
23.4799999999999 -2.9789257602515
23.4599999999999 -1.62068737207937
23.4399999999999 -2.03976894852088
23.4199999999999 -1.1166206738955
23.4 -3.39145094457807
23.38 -2.02947403402246
23.3599999999999 -1.0540310696098
23.3399999999999 -2.29743749883905
23.3199999999998 -1.85427836256211
23.2999999999997 0.149878929810085
23.2799999999997 -1.1445261622103
23.2599999999998 -0.354865888893609
23.2399999999999 -1.15923426897497
23.2199999999998 0.141366295890424
23.1999999999998 0.520379429188204
23.1799999999997 0.825543526403287
23.1599999999997 1.2857050414019
23.1399999999996 -0.543098036989722
23.1199999999997 -0.447749790155601
23.0999999999997 -0.369189998636453
23.0799999999998 0.002788492863536
23.0599999999997 0.136991943475004
23.0399999999998 0.225600372012521
23.0199999999999 0.648906114490107
22.9999999999999 0.701775827088086
22.9799999999999 -0.00561648849551943
22.9599999999999 0.0844997857095304
22.9399999999999 0.650904539732177
22.9199999999999 -0.200594819206273
22.9 0.570746848013665
22.88 1.0585035641629
22.8599999999999 0.315286118482881
22.8399999999999 0.587854495280177
22.8199999999998 0.593014883326763
22.7999999999998 0.0118652413594011
22.7799999999998 1.85405200734769
22.7599999999998 0.806852421400784
22.7399999999998 -0.304836710497093
22.7199999999998 -0.0139610636841128
22.6999999999998 -0.303255739265997
22.6799999999996 1.16031661849938
22.6599999999997 0.954701837225622
22.6399999999996 -0.168554347946084
22.6199999999997 -0.745175709546254
22.5999999999997 -0.484812405754977
22.5799999999998 0.494088375909688
22.5599999999997 -0.599384740030442
22.5399999999998 1.1369779369682
22.5199999999999 -0.0751601095623902
22.4999999999999 0.533094796779055
22.4799999999999 -0.1828603146215
22.4599999999999 -0.152310108991945
22.4399999999998 -0.113031833843209
22.4199999999999 -0.262341787892895
22.4 -0.260783473627286
22.38 0.133990639627407
22.3599999999999 -0.290113584891355
22.3399999999999 -0.669339706264171
22.3199999999998 -0.667023792396214
22.2999999999998 -0.280302636029542
22.2799999999997 -0.173403119452253
22.2599999999998 0.149367835582139
22.2399999999999 -0.74424411993737
22.2199999999998 0.209143473429307
22.1999999999998 -0.074476889910712
22.1799999999997 0.0489756175489855
22.1599999999997 -0.0505078689766172
22.1399999999997 -0.115630395944339
22.1199999999997 -1.13153011343904
22.0999999999997 0.131593880657998
22.0799999999998 -1.09962884209837
22.0599999999997 -0.96624990048808
22.0399999999998 -0.663876755623907
22.0199999999999 -0.949506080985957
21.9999999999999 -0.46979868811647
21.9799999999999 -1.27675647831893e-13
21.9599999999998 -1.77635683940025e-14
21.9399999999998 -1.05249142734465e-13
21.9199999999999 -0.269745393026746
21.9 -0.12344052507848
21.88 -0.0897691860186138
21.8599999999999 -0.3259541595986
21.8399999999999 -0.367118911573179
21.8199999999998 -0.283826930975748
21.7999999999998 -0.137334468881782
21.7799999999998 -0.537427015706534
21.7599999999999 -0.406280786279048
21.7399999999999 -0.101303656942491
21.7199999999998 -1.11244347067441e-13
21.6999999999998 -1.11244347067441e-13
21.6799999999996 -2.38919994899334e-13
21.6599999999998 -1.20126131264442e-13
21.6399999999997 -0.191705777884964
21.6199999999997 -0.125119659457612
21.5999999999997 5.10702591327572e-15
21.5799999999998 -2.02060590481778e-14
21.5599999999997 -2.02060590481778e-14
21.5399999999998 7.17204073907851e-14
21.5199999999999 1.26565424807268e-14
21.4999999999999 1.55431223447522e-15
21.4799999999999 2.1538326677728e-14
21.4599999999999 1.0857981180834e-13
21.4399999999998 -1.97619698383278e-14
21.4199999999999 -1.97619698383278e-14
21.4 4.21884749357559e-15
21.38 -1.97619698383278e-14
21.3599999999999 2.90878432451791e-14
21.3399999999999 1.93178806284777e-14
21.3199999999998 5.75095526755831e-14
21.2999999999998 2.73114864057789e-14
21.2799999999997 2.73114864057789e-14
21.2599999999998 2.1094237467878e-14
21.2399999999998 2.8643754035329e-14
21.2199999999998 2.8643754035329e-14
21.1999999999998 2.8643754035329e-14
21.1799999999996 -1.10578213252666e-13
21.1599999999997 2.77555756156289e-14
21.1399999999997 2.77555756156289e-14
21.1199999999997 4.10782519111308e-14
21.0999999999997 1.60094160150948e-13
21.0799999999998 2.77555756156289e-14
21.0599999999997 2.77555756156289e-14
21.0399999999998 6.32827124036339e-14
21.0199999999999 2.77555756156289e-14
20.9999999999999 2.77555756156289e-14
20.9799999999999 4.64073224293315e-14
20.9599999999999 1.65423230669148e-13
20.9399999999998 3.30846461338297e-14
20.9199999999999 3.30846461338297e-14
20.9 4.64073224293315e-14
20.88 3.79696274421804e-14
20.8599999999999 3.79696274421804e-14
20.8399999999999 6.08402217494586e-14
20.8199999999998 7.57172102794357e-14
20.7999999999998 4.46309655899313e-14
20.7799999999997 3.70814490224802e-14
20.7599999999998 6.68354260824344e-14
20.7399999999998 3.70814490224802e-14
20.7199999999998 3.70814490224802e-14
20.6999999999998 3.70814490224802e-14
20.6799999999996 -8.81517081552374e-14
20.6599999999997 3.70814490224802e-14
20.6399999999997 3.70814490224802e-14
20.6199999999997 5.55111512312578e-14
20.5999999999997 5.6621374255883e-14
20.5799999999998 3.70814490224802e-14
20.5599999999997 3.70814490224802e-14
20.5399999999998 7.34967642301854e-14
20.5199999999999 3.70814490224802e-14
20.4999999999999 3.70814490224802e-14
20.4799999999999 5.55111512312578e-14
20.4599999999999 5.90638649100583e-14
20.4399999999998 3.90798504668055e-14
20.4199999999999 3.90798504668055e-14
20.4 -8.5265128291212e-14
20.38 3.90798504668055e-14
20.3599999999999 3.90798504668055e-14
20.3399999999999 7.57172102794357e-14
20.3199999999998 8.03801469828613e-14
20.2999999999998 5.59552404411079e-14
20.2799999999997 -1.22124532708767e-14
20.2599999999998 3.33066907387547e-15
20.2399999999998 -2.37587727269783e-14
20.2199999999998 -2.37587727269783e-14
20.1999999999998 -2.73114864057789e-14
20.1799999999996 -1.49213974509621e-13
20.1599999999997 -2.73114864057789e-14
20.1399999999997 -2.26485497023532e-14
20.1199999999997 -1.99840144432528e-15
20.0999999999997 -8.21565038222616e-15
20.0799999999998 -2.57571741713036e-14
20.0599999999997 -2.57571741713036e-14
20.0399999999998 4.44089209850063e-16
20.0199999999999 -2.04281036531029e-14
19.9999999999999 -5.46229728115577e-14
19.9799999999999 -7.74935671188359e-14
19.9599999999999 -8.28226376370367e-14
19.9399999999998 -9.59232693276135e-14
19.9199999999999 -9.59232693276135e-14
19.9 -1.67421632113474e-13
19.88 -1.10134124042816e-13
19.8599999999999 -1.10134124042816e-13
19.8399999999999 -1.16129328375791e-13
19.8199999999998 -8.63753513158372e-14
19.7999999999997 -1.00364161426114e-13
19.7799999999997 -1.00808250635964e-13
19.7599999999998 -8.32667268468867e-14
19.7399999999998 -1.00808250635964e-13
19.7199999999998 -1.00808250635964e-13
19.6999999999998 -1.00808250635964e-13
19.6799999999996 -1.78523862359725e-13
19.6599999999997 -1.02584607475364e-13
19.6399999999997 -1.02584607475364e-13
19.6199999999997 -1.14352971536391e-13
19.5999999999997 -1.36779476633819e-13
19.5799999999998 -1.04360964314765e-13
19.5599999999997 -1.04360964314765e-13
19.5399999999998 -8.5043083686287e-14
19.5199999999998 -1.04360964314765e-13
19.4999999999999 -1.04360964314765e-13
19.4799999999999 -6.66133814775094e-15
19.4599999999999 -3.39728245535298e-14
19.4399999999998 -5.55111512312578e-15
19.4199999999999 -5.55111512312578e-15
19.4 -9.76996261670138e-14
19.38 -5.55111512312578e-15
19.3599999999999 -5.55111512312578e-15
19.3399999999999 -3.10862446895044e-15
19.3199999999998 -9.05941988094128e-14
19.2999999999997 -3.61932706027801e-14
19.2799999999997 -3.61932706027801e-14
19.2599999999998 -6.66133814775094e-14
19.2399999999998 -1.33226762955019e-14
19.2199999999998 -1.24344978758018e-14
19.1999999999998 -1.24344978758018e-14
19.1799999999996 -9.65894031423886e-14
19.1599999999997 -1.73194791841524e-14
19.1399999999997 -1.73194791841524e-14
19.1199999999997 -2.75335310107039e-14
19.0999999999997 -5.19584375524573e-14
19.0799999999998 -8.88178419700125e-15
19.0599999999997 -8.88178419700125e-15
19.0399999999998 -6.12843109593086e-14
19.0199999999999 -8.88178419700125e-15
18.9999999999999 -1.15463194561016e-14
18.9799999999999 -6.59472476627343e-14
18.9599999999999 -1.11022302462516e-14
18.9399999999998 -1.15463194561016e-14
18.9199999999999 8.88178419700125e-16
18.9 -1.18349774425042e-13
18.88 8.88178419700125e-16
18.86 8.88178419700125e-16
18.8399999999999 -2.17603712826531e-14
18.8199999999998 3.10862446895044e-15
18.7999999999997 7.54951656745106e-15
18.7799999999997 7.54951656745106e-15
18.7599999999998 3.10862446895044e-15
18.7399999999998 4.44089209850063e-15
18.7199999999998 4.44089209850063e-15
18.6999999999998 4.44089209850063e-15
18.6799999999997 -1.0325074129014e-13
18.6599999999997 4.44089209850063e-15
18.6399999999997 9.76996261670138e-15
18.6199999999997 -1.19904086659517e-14
18.5999999999997 -2.17603712826531e-14
18.5799999999998 9.76996261670138e-15
18.5599999999997 2.22044604925031e-15
18.5399999999998 9.32587340685131e-15
18.5199999999998 2.22044604925031e-15
18.4999999999999 3.10862446895044e-15
18.4799999999999 -2.30926389122033e-14
18.4599999999999 -3.30846461338297e-14
18.4399999999998 4.88498130835069e-15
18.4199999999999 9.99200722162641e-15
18.4 -9.57012247226885e-14
18.38 9.99200722162641e-15
18.36 9.99200722162641e-15
18.3399999999999 -1.93178806284777e-14
18.3199999999998 -6.66133814775094e-16
18.2999999999997 9.99200722162641e-15
18.2799999999997 9.99200722162641e-15
18.2599999999998 -6.66133814775094e-16
18.2399999999998 9.99200722162641e-15
18.2199999999998 9.99200722162641e-15
18.1999999999998 9.99200722162641e-15
18.1799999999997 -9.57012247226885e-14
18.1599999999998 9.99200722162641e-15
18.1399999999997 9.99200722162641e-15
18.1199999999998 -1.31006316905768e-14
18.0999999999997 -1.73194791841524e-14
18.0799999999998 9.99200722162641e-15
18.0599999999996 9.99200722162641e-15
18.0399999999998 -7.97140131680862e-14
18.0199999999998 -6.06181771445335e-14
17.9999999999999 -6.06181771445335e-14
17.9799999999999 -7.7715611723761e-15
17.9599999999999 -2.48689957516035e-14
17.9399999999998 -4.75175454539567e-14
17.9199999999999 -4.75175454539567e-14
17.9 -9.83657599817889e-14
17.88 -5.55111512312578e-14
17.86 -5.55111512312578e-14
17.8399999999999 -1.08801856413265e-14
17.8199999999998 -6.30606677987089e-14
17.7999999999997 -8.43769498715119e-14
17.7799999999997 -8.43769498715119e-14
17.7599999999998 -5.59552404411079e-14
17.7399999999998 -7.50510764646606e-14
17.7199999999998 -7.50510764646606e-14
17.6999999999998 -7.59392548843607e-14
17.6799999999997 -1.30340183090993e-13
17.6599999999998 -7.59392548843607e-14
17.6399999999997 -7.59392548843607e-14
17.6199999999998 -3.13082892944294e-14
17.5999999999997 -4.84057238736568e-14
17.5799999999998 -7.59392548843607e-14
17.5599999999996 -7.59392548843607e-14
17.5399999999998 -6.57252030578093e-14
17.5199999999998 -7.59392548843607e-14
17.4999999999999 -7.59392548843607e-14
17.4799999999999 -3.13082892944294e-14
17.4599999999999 -4.84057238736568e-14
17.4399999999998 -7.59392548843607e-14
17.4199999999999 -7.59392548843607e-14
17.4 -8.23785484271866e-14
17.38 -1.33226762955019e-15
17.36 -1.33226762955019e-15
17.3399999999999 1.77635683940025e-14
17.3199999999998 -2.88657986402541e-14
17.2999999999997 -9.32587340685131e-15
17.2799999999997 -2.93098878501041e-14
17.2599999999998 -7.94919685631612e-14
17.2399999999998 -2.93098878501041e-14
17.2199999999998 -3.24185123190546e-14
17.1999999999998 -3.24185123190546e-14
17.1799999999997 -1.07913677993565e-13
17.1599999999998 -1.24344978758018e-14
17.1399999999997 -6.21724893790088e-15
17.1199999999998 -6.48370246381091e-14
17.0999999999997 -1.90958360235527e-14
17.0799999999998 -1.15463194561016e-14
17.0599999999996 -1.15463194561016e-14
17.0399999999997 -1.4432899320127e-14
17.0199999999998 -5.32907051820075e-15
16.9999999999999 -5.32907051820075e-15
16.9799999999999 -5.32907051820075e-15
16.9599999999999 -1.28785870856518e-14
16.9399999999998 -5.32907051820075e-15
16.9199999999999 -5.32907051820075e-15
16.9 -6.3948846218409e-14
16.88 -1.28785870856518e-14
16.86 -5.32907051820075e-15
16.8399999999999 -5.32907051820075e-15
16.8199999999998 -1.28785870856518e-14
16.7999999999997 -5.32907051820075e-15
16.7799999999997 -5.32907051820075e-15
16.7599999999998 -6.88338275267597e-15
16.7399999999998 -1.28785870856518e-14
16.7199999999998 -5.32907051820075e-15
16.6999999999998 -5.32907051820075e-15
16.6799999999997 -4.9737991503207e-14
16.6599999999998 8.88178419700125e-15
16.6399999999997 8.88178419700125e-15
16.6199999999998 -4.9737991503207e-14
16.5999999999998 3.10862446895044e-15
16.5799999999998 1.06581410364015e-14
16.5599999999996 1.77635683940025e-14
16.5399999999998 1.73194791841524e-14
16.5199999999998 1.77635683940025e-14
16.4999999999999 1.77635683940025e-14
16.4799999999999 1.77635683940025e-14
16.4599999999999 1.02140518265514e-14
16.4399999999998 1.77635683940025e-14
16.4199999999999 1.95399252334028e-14
16.4 -4.79616346638068e-14
16.38 2.57571741713036e-14
16.36 1.86517468137026e-14
16.3399999999999 1.86517468137026e-14
16.3199999999998 1.86517468137026e-14
16.2999999999997 1.86517468137026e-14
16.2799999999997 1.86517468137026e-14
16.2599999999998 -5.90638649100583e-14
16.2399999999998 2.1316282072803e-14
16.2199999999998 1.86517468137026e-14
16.1999999999998 1.86517468137026e-14
16.1799999999997 2.1316282072803e-14
16.1599999999998 1.86517468137026e-14
16.1399999999997 1.86517468137026e-14
16.1199999999998 -8.12683254025615e-14
16.0999999999998 2.1316282072803e-14
16.0799999999998 1.86517468137026e-14
16.0599999999996 1.86517468137026e-14
16.0399999999998 -5.90638649100583e-14
16.0199999999998 1.86517468137026e-14
15.9999999999999 1.86517468137026e-14
15.9799999999999 -5.90638649100583e-14
15.9599999999999 2.1316282072803e-14
15.9399999999998 1.86517468137026e-14
15.9199999999999 1.86517468137026e-14
15.9000000000001 -8.12683254025615e-14
15.88 1.86517468137026e-14
15.86 1.86517468137026e-14
15.8399999999999 1.86517468137026e-14
15.8199999999998 1.86517468137026e-14
15.7999999999997 -1.19904086659517e-14
15.7799999999996 -1.19904086659517e-14
15.7599999999998 -8.79296635503124e-14
15.7399999999998 1.86517468137026e-14
15.7199999999998 -5.06261699229071e-14
15.6999999999998 -5.06261699229071e-14
15.6799999999997 -1.90958360235527e-14
15.6599999999998 -5.06261699229071e-14
15.6399999999997 -5.06261699229071e-14
15.6199999999998 -8.03801469828613e-14
15.5999999999997 -8.21565038222616e-15
15.5799999999998 -4.2410519540681e-14
15.5599999999997 -4.2410519540681e-14
15.5399999999998 -1.00364161426114e-13
15.5199999999998 -4.2410519540681e-14
15.4999999999999 -2.73114864057789e-14
15.4799999999998 -1.02140518265514e-13
15.4599999999999 -1.70974345792274e-14
15.4399999999998 -2.73114864057789e-14
15.4199999999999 -2.73114864057789e-14
15.4000000000001 -8.57092175010621e-14
15.3800000000001 -2.73114864057789e-14
15.36 -2.73114864057789e-14
15.3399999999999 -2.73114864057789e-14
15.3199999999998 -1.59872115546023e-14
15.2999999999998 -2.73114864057789e-14
15.2799999999997 -2.1538326677728e-14
15.2599999999997 3.61932706027801e-14
15.2399999999998 6.88338275267597e-15
15.2199999999998 -2.1538326677728e-14
15.1999999999998 -2.1538326677728e-14
15.1799999999996 6.88338275267597e-15
15.1599999999998 -6.66133814775094e-15
15.1399999999997 -6.66133814775094e-15
15.1199999999998 1.64313007644523e-14
15.0999999999998 1.82076576038526e-14
15.0799999999998 1.13242748511766e-14
15.0599999999996 1.13242748511766e-14
15.0399999999997 -6.23945339839338e-14
15.0199999999998 1.13242748511766e-14
14.9999999999998 1.13242748511766e-14
